0.07248847996679943 0.037522012664492475 0.09321770643897796 0.054396045431042504 0.1713765743813692 0.10336095544529185 0.08091054941085526 0.04904958645160015 0.04824102564639824 0.08341471545742046 0.024428385251366192 0.10539774250445634 0.07619622094992996 
0.06244674583156695 0.0687714464607057 0.07535114413794765 0.08175432044287366 0.04422164974616233 0.0845277525169849 0.04375375893749954 0.054059897204946014 0.02828462164974185 0.04450511342506212 0.05375144826030827 0.024143438613042658 0.3344286627731583 
0.08314995056482402 0.045750225197445205 0.06832123465991989 0.04043756308549628 0.05839550186589735 0.041809366237338 0.06496470319049193 0.037518356300753425 0.06267386919121076 0.05647148459310309 0.2707928234836853 0.027175671069990123 0.14253925055984468 
0.23538280600679826 0.06364033254649433 0.05150541950976414 0.05195499069635379 0.03261222653390757 0.03348238791771912 0.05609654339073139 0.030045998606292434 0.10713876364761019 0.03556568578563853 0.050888709556935495 0.2174754487855392 0.034210687016215574 
0.14144552987751177 0.062362370368645705 0.07520607849744658 0.05775292398546019 0.13621246886411728 0.04953168613454584 0.0756770232369345 0.06429557241778511 0.07930309127804576 0.13773438947574804 0.03084941725526366 0.03208577101184665 0.05754367759664899 
0.02527990480772496 0.020986954142901772 0.023383400473031855 0.02358750526816257 0.023753884788040563 0.02438768736624143 0.1103752908575934 0.021884712118427126 0.19544070950595543 0.025905106530562407 0.023103414872682304 0.45699326806744733 0.024918161201228792 
0.03532151842775103 0.3225566719704516 0.03267168990522819 0.03295686864056104 0.03318933697151674 0.0340748968506282 0.035584000438433606 0.030577696722213873 0.11782508553082749 0.11972404705804118 0.03228048920184462 0.030405660264967563 0.14283203801753488 
0.06309961643257675 0.04486831408732951 0.06722960829102063 0.05112954938265648 0.04102586323599174 0.04768883514481632 0.3082665751118156 0.033153489637923195 0.03862159158221799 0.07152175956560411 0.06671404501529915 0.08340974018366251 0.08327101232908594 
0.03540300043411901 0.0671328956115296 0.06396358469767237 0.03303289571697146 0.056036747683103696 0.03976450496511106 0.05971664079791085 0.025613105986334067 0.32595336061778446 0.07812117645369017 0.05021831923115904 0.05230847398293503 0.11273529382167922 
0.028587352285335516 0.023732741718868352 0.07188577371973066 0.22361124543516123 0.026861678386284213 0.02757840329961717 0.07829357498739915 0.06727847239673611 0.028829708858474936 0.11226645756945429 0.2582875916946455 0.024608718994932513 0.02817828065336032 
0.0719591024266819 0.09167847958171779 0.06525129484948175 0.035831784115695306 0.2760810911221354 0.03093907271197403 0.12563193978606083 0.02228235094155178 0.08696377509984783 0.06941318286291855 0.01966546212618837 0.020340145615635533 0.08396231876011119 
0.08524512468820157 0.16276857837884054 0.05460541018426256 0.08365640860350136 0.05061686382378909 0.03683287797927652 0.09108964753238039 0.05110564151563154 0.06445432229985755 0.09686781712953049 0.04923078540247178 0.045712038476786954 0.12781448398546963 
0.18758099634228798 0.03655589775676417 0.021518681773856928 0.09937337568514969 0.021859621667781777 0.15855961593123752 0.06528467193524595 0.0291295773230517 0.06543374154783438 0.08777155769131811 0.07827887945458556 0.03790517868352669 0.11074820420735962 
0.06255115013406368 0.04311948268209785 0.048043185537072215 0.3901247892508645 0.07502010359929477 0.07666481831032 0.07066453451677811 0.054150279590538246 0.03402215257952311 0.034570480285210224 0.030831610263204603 0.029040931233201908 0.05119648201783069 
0.03695315661686966 0.05716175086140828 0.03418092221814396 0.06424482039652658 0.06469798499577946 0.09158376783710681 0.0372277636915826 0.031990199353132846 0.03726643643078733 0.05421213828059388 0.38606548605098406 0.06799119902687627 0.0364243742402082 
0.039845896752807766 0.033079397026781455 0.03685664831670044 0.03717835595980227 0.037440601455632376 0.03843959382861545 0.44156200460750306 0.06934278004237263 0.08077968742417599 0.040831332555961816 0.03641533821649817 0.06895264319451015 0.039275720618638536 
0.06044615487056371 0.04340513589039196 0.07411627252465863 0.02579392335431291 0.025975866316685147 0.08208235883097575 0.0278500663991835 0.07365802119900587 0.11681054964138353 0.32623076648366645 0.025264550263957696 0.09111728296490852 0.0272490512603064 
0.06258715010170471 0.050211182836757864 0.07973450937587698 0.07865876044723066 0.08693751058933427 0.08315900372155786 0.06729975518941288 0.057831370231168244 0.3077669165779869 0.02395063033480455 0.035429039752029885 0.02011972650673484 0.0463144443354005 
0.09459578997691936 0.05693472661791659 0.027536172456182003 0.063989664955537 0.04620674132322402 0.10360208281213171 0.06909055258455783 0.2052088587574727 0.030021864648250726 0.11004827771211685 0.0804113597894627 0.02562632992443554 0.08672757844179285 
0.044186002436340445 0.036682480173194816 0.11765242150599431 0.04122790703419662 0.04151871690577649 0.0426265217997247 0.04451435838704056 0.24519480613881608 0.04456060054617292 0.04527877414804634 0.04038177966319624 0.21262190984043847 0.043553721421062036 
0.048699038406641894 0.040429127151273635 0.027426177606574967 0.02766557026326169 0.050598704396698356 0.02860409656378084 0.029870910222515035 0.02566837967476007 0.3289213461155845 0.14662312761343735 0.13711756866158947 0.0791496688267944 0.029226284497087793 
0.06587361734888822 0.20273416853509552 0.0820920267852219 0.10498837535832478 0.08423340867657664 0.041479634363850756 0.15293161856250334 0.07760515452903162 0.043361675774841166 0.0440605265643905 0.01838839103849892 0.01732040574849847 0.06493099671427834 
0.1050422847644005 0.08720434788751474 0.0555586854645658 0.0350604150347199 0.06471211986880439 0.03624980391425795 0.02234674848820945 0.0776080874593887 0.1315516420094762 0.04752770283079502 0.0991241193679663 0.2161495458444921 0.021864497065409022 
0.048051484391776096 0.03202130467566385 0.048651039268293596 0.04030289587882382 0.1632548015006201 0.15284343742596834 0.06723705215165621 0.05273266144474573 0.06746395845374824 0.09467469027582891 0.06756628296255937 0.053939824815504384 0.11126056675481123 
0.09679388801982641 0.02344879170921603 0.052510100481475155 0.06238703227214982 0.10599957194152669 0.29973286126671184 0.028455216576382295 0.03679824197532639 0.05304743465912772 0.08936290088660125 0.025813520124565642 0.024314288369136464 0.10133615171795417 
0.03563144298878289 0.07267154335665257 0.0633686129306698 0.0332460448566771 0.04790128967648529 0.04917939475980152 0.23272578334664537 0.030845997170660947 0.058352823070422534 0.2193925963311202 0.032563730605133644 0.04388368292524072 0.08023705798170729 
0.20024519738540122 0.023455661439586047 0.05238405465083982 0.1609944646221048 0.044325370901192734 0.09593031874844882 0.03799353497970375 0.13740131602989844 0.062123405285005456 0.048339606992629826 0.056663394854079674 0.02432141166176946 0.05582226244934 
0.02412133304570625 0.06388283205560852 0.044940090769079066 0.029913728885471388 0.027638237900538074 0.036034198991350956 0.18310642253569884 0.027754242663841307 0.26758410581347275 0.0382762723498983 0.11189702898775163 0.023042201309406197 0.12180930469217666 
0.02412133304570625 0.06388283205560852 0.044940090769079066 0.029913728885471388 0.027638237900538074 0.036034198991350956 0.18310642253569884 0.027754242663841307 0.26758410581347275 0.0382762723498983 0.11189702898775163 0.023042201309406197 0.12180930469217666 
0.04908929387616439 0.030981248288660588 0.08123872443783538 0.02961386049361155 0.029822748200668523 0.03898761963099678 0.10894634205619733 0.03713704154075919 0.163269954947041 0.04141345691154287 0.2629724001001534 0.042257311086409094 0.08426999842995996 
0.2838583569269568 0.024603307949433245 0.02741269642205356 0.027651971406616075 0.10703494507681788 0.1700255654677383 0.0298562273433217 0.02565576252600078 0.0723820705127453 0.03036892867323801 0.0270844652790348 0.06178453075137177 0.11228117166467179 
0.10010747166923864 0.022528898108022322 0.14598819084579934 0.047573773674515436 0.025499119425124665 0.02617948845855673 0.027338921460889946 0.04413940047569432 0.05141944080318578 0.0781434848616138 0.31640254431482384 0.06442168470032039 0.05025758120221481 
0.061694644646885635 0.05121786208906742 0.02794073382747051 0.028184617849396017 0.028383424087377297 0.3205482754182601 0.030431333293469063 0.026149956970416107 0.06221767673843556 0.1751614002989496 0.027606180127981265 0.053108317218528565 0.10735557743376273 
0.04971256925152031 0.03458699708876863 0.047873302544480585 0.07353990957991312 0.06457380087553978 0.03242493535607525 0.40697135015718133 0.029097075301555322 0.05013402024164698 0.09623234568888633 0.05279009173116813 0.028933369127196146 0.0331302330560681 
0.040963443789676 0.22392960283714233 0.03789035671510211 0.03822108720503599 0.038490687829014304 0.03951769866957528 0.041267852194778694 0.03546188886132551 0.041310721836336786 0.04197651784297838 0.03743666931045917 0.03526237292713375 0.3482710999814416 
0.03836624464223537 0.03101315292076756 0.02782325557184798 0.06035740076326441 0.03168301359986646 0.2970186845247271 0.1080522690363359 0.07782758071940592 0.04236092241431534 0.061525078830376265 0.07016085247708373 0.046424123284437985 0.10738742121533607 
0.22755167332992532 0.029248298738503185 0.0325880867657306 0.0328725357611063 0.03310440923203614 0.12710087976236573 0.09702122759346443 0.03049945187317186 0.05699551377639387 0.036102441997992465 0.032197887100465096 0.030327855637658052 0.23438973843118685 
0.0352114863907508 0.07503538650852211 0.03256991249721936 0.03285420285632848 0.03308594701218832 0.3736562305762627 0.07560576347364167 0.030482442429451726 0.035510000750934675 0.036082307785158814 0.03217993044502027 0.030310941892592525 0.1774154473819286 
0.0598381686915026 0.05338498428368352 0.03922542186134831 0.03143560017128242 0.03984690561714291 0.05812242375220758 0.18521196249659397 0.20593072758479372 0.04276630340567003 0.06589539842631058 0.038755748799832714 0.029002153980642802 0.1505842009289889 
0.28381266917809317 0.030191688587820474 0.19167200008036334 0.056658437392715824 0.03417217607606239 0.05858051718841034 0.0669211902991203 0.031483197066837235 0.061238471167915684 0.06243445400458886 0.055682036725679555 0.03130606607703867 0.03584709615535425 
0.03891526438240771 0.03230680159851396 0.08218618765899795 0.0829035595833278 0.1450406561149242 0.03754180677305322 0.039204452313618306 0.03368878816985217 0.3152750299376048 0.03987768455454069 0.08120211568372285 0.03349924806752483 0.03835840516191166 
0.0446655671897739 0.0583257753337774 0.03727473816937363 0.1450395534740675 0.06350891157208045 0.07971075606209747 0.07077859659846585 0.04559477470027489 0.1371937210839673 0.08827504290820305 0.12521213117604632 0.02560525118562751 0.07881518054624474 
0.038275256057012284 0.0317754773914685 0.19445801054212497 0.03571286406146468 0.03596477239634206 0.303158503733064 0.06894769536706738 0.03313473553155286 0.03859974430627103 0.03922184807193064 0.05833982625917889 0.054951488686003636 0.06745977759651912 
0.19187941324874952 0.02331354020028106 0.055753345354440376 0.04122119003052811 0.05663669591702882 0.058147879633431473 0.10278758944289981 0.08745312963153559 0.09020659701824497 0.19921532034366923 0.025664628975244776 0.02417404471686703 0.04354662548707927 
0.032979991964637995 0.027379437709892863 0.08418102347118397 0.11544821314221615 0.030989156620523525 0.03181601115558665 0.03322507357461691 0.36429216190945113 0.03325958826145264 0.12679163083214673 0.030140557990705957 0.028390014808375018 0.061107138559210544 
0.06458702475435377 0.02099599464339711 0.15428411932744912 0.1728705878444467 0.023764117192692048 0.024398192792527366 0.025478736056989 0.021894139343997816 0.06506867610509054 0.2850789217309589 0.09487963668989197 0.02177095837973434 0.02492889513847136 
0.10163603446643495 0.1015945642239635 0.03544944225843885 0.3933475362950619 0.07549997134953246 0.03697195008499723 0.03860935790360383 0.0331774174367613 0.03864946586285269 0.03927237098013107 0.03502498160806285 0.032990754412130806 0.037776153118028497 
0.053729175468620785 0.04168478352914398 0.0366834463987105 0.05013219863995907 0.0537911072133001 0.1180782653633366 0.0505846765142792 0.02824193195188199 0.4212926051791048 0.04784870664910518 0.023385093356393258 0.025054969986570905 0.04949303974959365 
0.39263671877708006 0.04936334621428619 0.06720372345672493 0.06879459361053082 0.04002301173148379 0.032955262341009636 0.06469821708557498 0.05147495981294092 0.04295531199745026 0.03500576208255935 0.038927032472273596 0.04392576391514146 0.07203629650294385 
0.1516461386315657 0.11450636782178206 0.0767733730930844 0.03619690828249946 0.24366513185739538 0.03742485153822617 0.047515294005581236 0.033583836371573986 0.030681179740839077 0.03975345228224677 0.027803948441352228 0.07615403297318368 0.08429548496066984 
0.04780966171494156 0.0396907814974254 0.04422296978029114 0.04460897523734552 0.04492363419758141 0.046122289298868885 0.04816494587869178 0.455274954623355 0.048214980320894864 0.04899205077454447 0.043693457626682225 0.041155771218074934 0.047125527831302895 
0.029539834584603592 0.05528917993888023 0.09352326573192293 0.30318472719852885 0.04936344042379444 0.05068055870102116 0.09967832755161692 0.1085391696529983 0.07527406853088 0.042052164147983864 0.02699658320983702 0.025428639952158025 0.04045004037577477 
0.09949856535274279 0.08791826621640648 0.11008067974177467 0.039531936886873106 0.08036628613000923 0.07078684433979628 0.05954733629898896 0.14196225617940383 0.06144121498911027 0.03282447026299837 0.08761173893592297 0.06629199346365935 0.06213841120231376 
0.0733190814025353 0.06086827505475756 0.03610725794589218 0.0855181640873599 0.068893179212787 0.03765801810785486 0.03932581039744933 0.13245308819795423 0.31810098825738464 0.040001126640823226 0.0356749208140616 0.03360294558949845 0.03847714429164176 
0.0417562732949468 0.0346653596793503 0.038623707966603575 0.03896083960025131 0.03923565822617368 0.07303647352087476 0.042066573391345195 0.03614823818161822 0.49745306027466973 0.04278895495264413 0.03816123964103958 0.035944860703943655 0.041158760566538985 
0.2263558558327888 0.03873286677251709 0.04315567323601765 0.04353236266810963 0.04383942751102249 0.04500915374449001 0.0470025119547187 0.28872153427021385 0.047051338843753746 0.04780965513833267 0.0426389405609129 0.04016249978885632 0.04598817967826616 
0.09192170040148762 0.02628048614666792 0.029281387285126727 0.029536973360379838 0.029745318727576523 0.030538985105399333 0.09472881568520715 0.02740468529811241 0.24819172540379456 0.03243914236762471 0.2477840580584513 0.08094346199243495 0.031203260167737064 
0.07869917380837649 0.04953825172838997 0.04543368193812061 0.17233354956052394 0.06267998063062373 0.08070382576262042 0.07574023243090879 0.03643134760035765 0.11064950206486422 0.07343624236093568 0.017855829206004113 0.033198310285817996 0.1633000726224565 
0.05228366088860228 0.020066037451481687 0.022357326672558114 0.04949948141984946 0.022711553974411047 0.023317545019344344 0.1308352635177501 0.045926090469050426 0.08107829383064544 0.17423936998646478 0.10330841020719125 0.2228414603919767 0.05153550617067446 
0.0300652351284465 0.056047142699515225 0.049775700639643206 0.04530401854679054 0.033223336671228926 0.041768319702324704 0.060238579882302946 0.060300790453049875 0.06111884292529981 0.3497433329024496 0.07406799542343365 0.060190532006549904 0.0781561730189651 
0.04973948783306103 0.059657430060282304 0.02733862786762691 0.0585990576730388 0.08478838885330038 0.065610797773459 0.07181098324863099 0.03818602719864571 0.06692590476757705 0.06939634605512722 0.13372319570149013 0.07765217760671433 0.19657157536104594 
0.09906727126530034 0.058721144910577394 0.028037194834284143 0.02828192082759257 0.03983885963454744 0.04090184247606023 0.042713296741029964 0.026240235600643758 0.04275766793128263 0.08867984846157437 0.027701486140552976 0.03649747002874285 0.4405617611478113 
0.10840235438217025 0.04363098379939797 0.04838658647290069 0.04903741882770988 0.049153218826723515 0.05046472795869227 0.10945461396253502 0.04528539450770109 0.10195211544195637 0.27489934647981296 0.022288036819933972 0.045241406682406476 0.051803795838059497 
0.05553279615297318 0.08390097972587747 0.05055533489450085 0.030085541184699242 0.04616023329908239 0.08614258446745325 0.08362956686575045 0.037740705293991685 0.02077539385881573 0.17195571694924958 0.0616593259112901 0.04304375627331107 0.22881806512300487 
0.0473399322488449 0.03930081995130724 0.04378847952792415 0.04417069248507896 0.18911493920331832 0.04566913825051619 0.04769172574910651 0.04098198932518255 0.04774126860339662 0.0485107043473198 0.04326416982612696 0.31576362050785095 0.046662519974026984 
0.048159307263272305 0.17456875469295743 0.04454638483831509 0.04493521326221026 0.045252173412221236 0.04645959461653299 0.048517189720375616 0.041691318986198364 0.04856759007857459 0.04935034346774626 0.044013000212894934 0.3164689593332257 0.047470170115475385 
0.026299132244501484 0.021833099713445214 0.02432616523059393 0.3647489499957333 0.17633312077640415 0.025370942654275818 0.026494566909204917 0.02276705321926231 0.026522089848399183 0.026949540658356266 0.2097935737187526 0.022638961060674884 0.025922803970395862 
0.03171434777369325 0.02632872107157425 0.06732083530594324 0.07755844225187546 0.06838746005040248 0.030595036034025757 0.03195002410193924 0.3754489995935672 0.1331216500932968 0.03249868082469114 0.06651475645907465 0.02730051614016485 0.03126053029975152 
0.03918777967946406 0.03253303924007396 0.036247903339170585 0.14493625214666014 0.036822211582088565 0.03780470403938699 0.03947899273208215 0.03392470356863656 0.03952000408056502 0.040156939474808244 0.4470266130670604 0.03373383615739562 0.03862702089260761 
0.06457641507469494 0.06136970276495151 0.0340886617074312 0.05182808258457161 0.09100370016219377 0.044569511638119064 0.037127279202926654 0.03190385200090852 0.056017650452387574 0.03776484151797154 0.059016666392086706 0.3489678975122349 0.08176573898952207 
0.045061416960065555 0.047832026463187044 0.06490678616473507 0.042044715675180186 0.0423412870814359 0.04347103984213247 0.17081505446269912 0.060746781948406686 0.13955874586197195 0.046175838700622134 0.041181824801064484 0.21144787286584224 0.04441660917265725 
0.03525703837598431 0.02926980355500401 0.032612047161932625 0.07806861783896886 0.03312874925441721 0.40333604460642014 0.08429179852332243 0.08292171145718046 0.03555593891474571 0.036128986324462174 0.03222156060229849 0.08245517672771763 0.034752526657546 
0.2945953112118857 0.03163985803603218 0.15053808235121352 0.03556043973923871 0.0654942713830742 0.036766791447723886 0.03839511323337972 0.03299331479316456 0.09870640869519619 0.05345860624244249 0.03483062676660291 0.044907901044515364 0.08211327505553047 
0.046697874113933335 0.024195366804634126 0.0814038137764749 0.038766411959936034 0.0720271859384218 0.3660599257175002 0.053292625443794484 0.056532375369471144 0.029391689715606618 0.05948512823049218 0.05497392863042509 0.030426951707939846 0.08674672259137027 
0.08801186120086982 0.07198106419228928 0.07550658834828147 0.07850104416189582 0.03926103909257816 0.04607437342803161 0.04522835058584057 0.05345870099273979 0.04107327706414431 0.11265745613398796 0.038825896235658346 0.05481996484435525 0.25460038371932764 
0.03162160712360124 0.026251729335036177 0.35885453692665614 0.0554736213995934 0.046518041041965136 0.08126524975444341 0.06982337406126932 0.06695183268929832 0.06691595584036905 0.0415672491932272 0.06325631543361021 0.05151688725446841 0.03998359994646183 
0.0797060823619638 0.025323744214733497 0.02821539745204123 0.28738475979139955 0.028662439455610124 0.13399177894308012 0.030730480064434906 0.06900123556027744 0.09045193489789363 0.1423288422396655 0.02787755501531686 0.02625844551219596 0.030067304491387517 
0.03226550385807183 0.026786281634258804 0.029844938258901086 0.03010544335592696 0.08271773729787174 0.0311267398666968 0.08868595364829883 0.30725328893704545 0.14097383182699183 0.09020889912488297 0.08045261729502225 0.02777496529752097 0.03180379959851038 
0.08429834184566753 0.02552628785276483 0.028441069027301875 0.05346935162687586 0.09629216961984817 0.029662576262142675 0.06815317030938074 0.06607779793862373 0.08385880001849638 0.3465902302060631 0.04508886883235872 0.0422335485245459 0.030307787935930378 
0.03235522338057276 0.02686076528120176 0.34491813153987816 0.047814344086355175 0.03040210215659463 0.031213292869251334 0.2526174036730125 0.04436260399584065 0.0326295230423046 0.033155406037674515 0.06392677051922345 0.027852198141456556 0.03189223527663415 
0.039257135372834706 0.03259061717667576 0.03631205595230365 0.4029191106172313 0.036887380622963185 0.03787161192451777 0.039548863822940185 0.03398474451399355 0.08077213530525787 0.040228010415894966 0.07319745539432435 0.10773549474259708 0.038695384138465426 
0.06147078745340842 0.031016609200984202 0.03455831605309153 0.03485996242938371 0.05776010685578999 0.036042551158398 0.06192759046209037 0.07408662263768497 0.41445687396648523 0.09068808156059985 0.03414452547210424 0.03216143457187777 0.03682653817810163 
0.2780241480549709 0.027408607133296962 0.030538325506497963 0.04165868260794367 0.031022171755457194 0.05429391479001149 0.04497947290906211 0.028581063864483974 0.12768346195735195 0.16980985740836219 0.10503733607688948 0.028420260877383766 0.0325426970582884 
0.047374106911608135 0.18386355493217962 0.1693309040492683 0.07569174127168356 0.02833245610647043 0.045702106768303566 0.11642438400185935 0.02610299961588831 0.04777573299058319 0.03089832674780533 0.05903419655751496 0.1146280242057438 0.05484146584109136 
0.05473067549323195 0.03771076730972387 0.16230458085767235 0.05106665180686193 0.042682573938284306 0.06177663900550394 0.055137391240145946 0.2876557125055443 0.07396455031753789 0.056084229348386104 0.03300892970498808 0.03910267455826559 0.04477462391385407 
0.035180695502478605 0.046713997606665156 0.09530606797617401 0.022782615550774384 0.1520357563885295 0.033939044065514304 0.10337221884650495 0.09711057399141246 0.035478948825050774 0.02502113200094401 0.04198853699250959 0.24690053895090883 0.06416987330253332 
0.03832851923134368 0.021883477946607246 0.3016304958980439 0.05121999606890482 0.055033735906160196 0.0891895349140085 0.06296042169631329 0.02281958647979545 0.12032543808385458 0.05154113232054314 0.09434233096038351 0.032994162937567524 0.05773116755647419 
0.036388869835856444 0.0708836338875963 0.1413434468423593 0.018318346354952948 0.03419225777241871 0.018939777602259383 0.03665928357077329 0.016995936276690143 0.10384906768622697 0.05445939464386592 0.07642242571426507 0.03132446346887202 0.3602230963438634 
0.037600005610157326 0.1398960765043242 0.03477924444960272 0.38591101148279106 0.03533028340440709 0.03627296814461238 0.11741975375867898 0.03255017393016802 0.03791876925146088 0.03852989788882543 0.0343628085403706 0.03236703990746613 0.037061967127135116 
0.12161231437138131 0.1128535181527746 0.13856888925671107 0.09344962926536238 0.042441730578962666 0.18017752969281653 0.07147208748753434 0.03910202747114787 0.01428014246193583 0.022454063996085932 0.07505906581094934 0.04400702563174888 0.04452197582258928 
0.03962462729849604 0.04353196374090299 0.06919294958877353 0.03697189970694222 0.049271239850128865 0.06294566229463867 0.43910995328562114 0.056485376318574844 0.052881114856196385 0.0406045908482892 0.036213119100544304 0.03410988568423053 0.039057617426661216 
0.051600282104504826 0.08631118338424595 0.025955871858036675 0.048145827100059255 0.05345385375279948 0.32558654347940197 0.08102482615728916 0.09458077201338183 0.057370169462068465 0.07699783766576664 0.0471577220751056 0.024155635165666937 0.027659475781673434 
0.03027172453828844 0.021913266541279227 0.09666141631852916 0.031861681333370154 0.08757762880189436 0.07286450182044779 0.03440151110535163 0.03627249366853155 0.026619473721444277 0.06151063957435623 0.041834732584425834 0.2215232366696351 0.2366876933224462 
0.059560906455650965 0.03896356278314272 0.04262486909853268 0.051141501041376373 0.041821252545575796 0.1945242781620151 0.07860834469045055 0.06343868841288026 0.07105001540281689 0.20394499003514155 0.04808127727930347 0.027953843514944093 0.07828647057816943 
0.05384747549146426 0.024097567869348496 0.07551377931328533 0.0767550010428862 0.08038554145671277 0.0399746766156631 0.33994730242080023 0.035871965907353476 0.09840218964102394 0.06105553319468883 0.026527723085366207 0.024987010905977547 0.06263423305542948 
0.06995449190147342 0.028569961462452387 0.0503119688393954 0.032110143850231955 0.07754175022588698 0.05247280301470054 0.11210918960248843 0.02252304458305439 0.3341679131669038 0.07116126828792885 0.0379380264137906 0.072798303594632 0.03834113505706128 
0.24771535658897573 0.05705530471269065 0.05940420312823966 0.08261537514596308 0.07319712581638656 0.06371350130051513 0.03274072457713753 0.07580923498364374 0.09018858750668153 0.09027158122689098 0.06640675988093808 0.0343481467730165 0.02653409835892089 
0.04461759548975512 0.046425192096882145 0.09933683816231244 0.21161859164084723 0.06592905670127329 0.07878307587665025 0.06537123070787948 0.07941328893137707 0.04289399415215336 0.11492973108241758 0.06314529148682761 0.02042965289894875 0.06710646077267561 
0.0864442892854326 0.0446803778061833 0.3109243994059192 0.03791142925345408 0.049665500280141224 0.04691849934064694 0.08912070640845832 0.0473532516431702 0.040976032416499344 0.07497384997417117 0.07610871218937452 0.02861774504925379 0.06630520694729543 
0.06302395922605819 0.05780890242352967 0.05389339578444241 0.06459119515052994 0.2522437552893927 0.07862241353031804 0.052580712650258876 0.0467850216095792 0.05730404158428305 0.07554827312645863 0.06483776521904583 0.0543801242298821 0.0783804401762214 
0.07220612775982754 0.03080495827273301 0.034322497249558256 0.034622085253346466 0.21531131234459838 0.035796604241383805 0.03738195853104549 0.03212270056095473 0.10194701250661355 0.07461700296209918 0.03391153028994106 0.23360901699849762 0.0633471930294006 
0.0984961244534241 0.051434440260377176 0.06813384468640522 0.09503503745734003 0.11078654429877646 0.18291223086801645 0.03758617578742583 0.04619262019515115 0.0785711958633894 0.06348775745219652 0.05662142319406549 0.049673635447276085 0.0610689700361561 
0.12028685045363229 0.2147113868145041 0.0730652353176276 0.05566276935814355 0.0366065609559825 0.052947254327239575 0.07472586047085145 0.05401313178944585 0.06149482648045729 0.10152583523231541 0.04320483641774337 0.03825331565441902 0.0735021367276378 
0.039881777953696906 0.033109184999615224 0.40578821471714593 0.0372118350421579 0.037474316689865256 0.038474208654749695 0.04017814826088782 0.034525495088928604 0.09077321382013695 0.04086810114107111 0.12807316775529426 0.03433124750011465 0.0393110883763358 
0.04914838125801913 0.09438235139741752 0.06818631778374278 0.0574980100510863 0.01831228647944845 0.056788257878130285 0.08743148397202241 0.04376015976257497 0.0937637496347276 0.24184933686568508 0.04999739913802181 0.053923976086387555 0.0849582896927362 
0.090469054584787 0.03286824539552264 0.0594918980268215 0.09396151254990713 0.03720161148655079 0.024214436099795587 0.3256814331898042 0.021729242104670574 0.14913252378252842 0.040570698951646646 0.06267010377539153 0.03726809862861153 0.024741141423962398 
0.045595315487559684 0.037852468296326235 0.04217474432158627 0.042542871598856134 0.3321083154131211 0.04398609519826834 0.04593414435504909 0.03947168159783531 0.04598186140837391 0.1984902717363076 0.04166975698571584 0.03924960573890664 0.04494286786209394 
0.05808605289972085 0.02552610392226055 0.07901598332527696 0.09001381416456761 0.06714732232155989 0.042565323513768544 0.058517703197793945 0.11875647604769672 0.07266035893688348 0.2655373436480955 0.028100321989727645 0.05000194978068214 0.04407124625196594 
0.0693054522099754 0.14116457637175725 0.08553489837017383 0.07189878091457881 0.09928494385469158 0.0891379086640981 0.08551352925310957 0.066426818592274 0.05152306154400805 0.06561251660063752 0.06282581705556677 0.04376254191682137 0.06800915465230775 
0.04954340934033172 0.038939900319418116 0.24786126013767257 0.07655345842198531 0.049031692026405296 0.14892404609976911 0.07999803007220632 0.0291861309118554 0.04996342623414968 0.045361735211491436 0.05569366351965097 0.08270925363845869 0.046233994066605444 
0.1875540364198428 0.0411165117466122 0.05983565258571719 0.04867297596445161 0.0514952690046486 0.0426888218700954 0.07314280999843834 0.051432867448225464 0.05260749806063174 0.07169537290402331 0.070564345826908 0.13213740038654218 0.11705643778386315 
0.03359527535931622 0.02789023569300295 0.031074949993032314 0.10662595652773774 0.21585257500642424 0.16730298186654996 0.033844929276199365 0.029083295027015163 0.03388008787810047 0.034426125957591605 0.08656181368912973 0.028919666383335728 0.17094210734256463 
0.02064475900081171 0.017138933620861444 0.08044845252613866 0.21918806105619504 0.20603371350031857 0.019916132283431046 0.02079817476813424 0.1191689466273897 0.0877105398996269 0.021155328126488456 0.018867334974953933 0.06813500519418988 0.10079461842146045 
0.03674674739099556 0.030506535062582895 0.03398999786037234 0.0342866836036536 0.03452853206924288 0.09605271819803739 0.03701982059312763 0.0717039823379251 0.3332218661044809 0.03765553759223487 0.15200749805788047 0.031632533558788305 0.07064754757067795 
0.052785623003228845 0.04894625930741488 0.08677498648467005 0.17765100911934922 0.029673453366540408 0.1086073447261406 0.049163906717260716 0.04013649149541457 0.0830507882052671 0.05817398074416948 0.044599677955065004 0.1697293524254967 0.05070712644998251 
0.05101376136658189 0.24823258667049738 0.025143420678689656 0.02536288801973905 0.11500923836571943 0.06440708100076244 0.11392549302149918 0.023531929150349334 0.09294448655038917 0.05227539157197172 0.03923602246151142 0.05051490809183428 0.09840279305045488 
0.06562749303328479 0.022073364786060302 0.042648984402823546 0.024808536037773166 0.024983528359678937 0.10136063527847938 0.06611518543990283 0.023017596099877153 0.06618386685050735 0.4383406033364594 0.042138318662992634 0.056493813007875135 0.026208074704285208 
0.062015683539263566 0.017765042233939862 0.0498579699634033 0.2196299314668794 0.020107194384012487 0.18789741874046023 0.054302242405687456 0.01852497663139784 0.02158035517050319 0.06354940419551547 0.04926098606157461 0.07437913147436308 0.1611296637329997 
0.06558923732676052 0.06639368398709669 0.3862261796532016 0.06119827162114055 0.06162994673616137 0.03661946326918855 0.038241260208011045 0.03286110730970136 0.06614528682146997 0.03889795218522793 0.034691056991903814 0.03267622391138297 0.07883032997875367 
0.06195003155962296 0.0239042634683057 0.11728892862991135 0.17724705857264275 0.05821042141871863 0.27236755621189135 0.09264020100745082 0.024926815051141697 0.0624752287588883 0.02950606779166814 0.02631492461334412 0.024786571625000413 0.028381931291413583 
0.034557237042716855 0.028688840192913425 0.07563178117790399 0.032243753170666405 0.03247119138893533 0.03333758966455224 0.08237349651642557 0.02991606139501776 0.43096111566685047 0.08378804232384403 0.03158200912242133 0.07038614318391058 0.03406273915384208 
0.05733329004735172 0.04467685917044451 0.1009635280528095 0.05349503059124473 0.05717765961993381 0.19192166738354166 0.054215574065075475 0.03136199947576169 0.12426732733353672 0.05154195521236116 0.08689550520676986 0.028157483364104854 0.11799212047706449 
0.03672444208469448 0.030488017570367447 0.07638149113377195 0.06670222533680552 0.034507573221491374 0.3897113699519291 0.0369973495311652 0.03179220210068968 0.0370357829128085 0.037632680649523985 0.07561641592712519 0.031613332584546947 0.11479711699508069 
0.06530911959282515 0.08027441231255844 0.03137848747515547 0.060936906771266314 0.3211410037268684 0.06300412928404653 0.06579444609603587 0.05653784268048964 0.03421102570972806 0.09908618413494047 0.05968628823561037 0.029202151237528815 0.0334380027429468 
0.28654507711066346 0.05178663244852015 0.09216450445964608 0.03597756239269278 0.10946752086977599 0.03719806456245829 0.05706113088659404 0.06811205814031408 0.06760944108938653 0.05882268625939686 0.03939263661058031 0.04605806202732004 0.049804623142651314 
0.05472795439328624 0.03466521689673658 0.05564865548896969 0.08319520890646113 0.06361311244266508 0.08165447294459087 0.05361589034773046 0.04947185179785296 0.14404377335240257 0.27166151526446775 0.02851674485309236 0.03802701227338751 0.04115859103835682 
0.03468994634801423 0.02879901323849235 0.2760364656261408 0.03236757806089619 0.03259588970454653 0.033465615188097514 0.1187308348555955 0.03003094730791811 0.03498403921941343 0.03554786944491172 0.20710564973622966 0.10145260181865379 0.03419354945109021 
0.1142120899167841 0.07260954327145724 0.08878380176919955 0.04361633440961319 0.09019048365964001 0.04509597414181926 0.047093177439934145 0.12203033721027846 0.0698215163592502 0.020490292864581802 0.03882680347805431 0.07895776914681929 0.1682718763325686 
0.037665629769558256 0.04267481444772678 0.0796080922223446 0.05278667887960112 0.030534008702112782 0.24826945514783214 0.037945531389749404 0.04421640805361778 0.06748144768449632 0.1570510750070668 0.09893938374361445 0.027973041339173714 0.07485443361310593 
0.033165387606997845 0.04203261875186 0.09748729074399327 0.047240995977469835 0.04210393392826056 0.06007608875179995 0.05100677615668373 0.10247314002305359 0.03931762467287322 0.06381406550295421 0.051591950650052995 0.3140456889521112 0.055644438281889606 
0.0506681220380985 0.03986203655501872 0.07831727427336474 0.03810756037927876 0.038376360217478846 0.0678389521538098 0.05827213706680705 0.04777786854090225 0.3807182273403443 0.05192120417713715 0.06426650598724087 0.04361640647203712 0.04025734479848183 
0.09552838445105667 0.03358765698877736 0.06554297693400023 0.061017651151007504 0.05169014015496972 0.0676149420511183 0.05122073716649049 0.030529399454105766 0.06595288750001009 0.07182199158894548 0.3118163579673635 0.034827379926267346 0.05884949466588734 
0.11444187167312567 0.07967316876667266 0.02795302533021894 0.028197016639989653 0.06964192959217086 0.05032684572548982 0.052555713028601424 0.02616146068645871 0.030476346860057242 0.1392751979426982 0.02761832445607988 0.026014270888163105 0.32766482841027395 
0.038770929999831914 0.11847533724687448 0.06454429881741187 0.04581946340495834 0.0655669323887209 0.07728766879268933 0.04947192719287041 0.06040752713164513 0.028675921556666397 0.039729780613244746 0.073217646669183 0.26925192650060875 0.06878063968529453 
0.09304247805307309 0.2467106223715607 0.07448173629345076 0.035929096818430525 0.03618253039736729 0.037147954842939604 0.16613341555511735 0.0333353583436295 0.038833456425107445 0.03945932687865117 0.03519171783365255 0.033147806710732704 0.13040449947628727 
0.09456033961129219 0.050484668497717704 0.05684447925635131 0.03327331050805159 0.03350801092948841 0.05928587632921576 0.07559564296211418 0.030871294501780472 0.044633936331466575 0.045353291870397064 0.4023397398042928 0.038099031877523906 0.03515037752030804 
0.09852118949974449 0.05674657540184889 0.049628127511806355 0.05621055672071834 0.026726858366526784 0.04630046041374143 0.028655243720253798 0.024623744974796725 0.02868501120176093 0.09772325961107467 0.07945004969420147 0.0371402621966784 0.3695886606868478 
0.035232374535641695 0.04493942988258537 0.03258923360862533 0.0328736926143558 0.05086426703954113 0.05222143046251898 0.13616598889054876 0.030500525212638685 0.035531065980403544 0.03610371251839416 0.04947141379590547 0.06286737227893986 0.4006394931799012 
0.12118563722721505 0.043969920651097304 0.11126124340978902 0.04130662359291879 0.03364529371716034 0.03335982801759119 0.05459329335829469 0.06616216184009847 0.08385064102234045 0.09574845501891893 0.03272396015207444 0.030724316837443793 0.2514686251550575 
0.37328362906999113 0.09717317623684713 0.027159256875599926 0.06228006755235161 0.0627193733466492 0.046359283679300006 0.029580196536274916 0.025418566421013426 0.0673145306621332 0.03008815777092589 0.08988883892071448 0.04136724568409265 0.04736767724410628 
0.024472961827193173 0.020317043577289914 0.022636994542464 0.022834584244560304 0.384005918274861 0.06425963502328942 0.024654825815880386 0.06331758669356136 0.06717526569418943 0.0749495273083224 0.06684357857678383 0.057340060039915534 0.1071920183816893 
0.2842247410750017 0.07810016408555141 0.036574010408312936 0.036893251012779626 0.03715348545980823 0.038144816986575195 0.03983416854713789 0.034229909791153056 0.03987554885739297 0.04051821449022976 0.07305680236506892 0.03403732522646762 0.2273575616945207 
0.09266641520683883 0.04806685364247745 0.024262978458218787 0.09908224060667836 0.0443887322543299 0.03558755005914233 0.2999462244034394 0.02270791621202004 0.10251979126937316 0.05933099942558719 0.09414795784174107 0.04093070059199627 0.0363616400281572 
0.034837616093808 0.021068333972360968 0.11911548119127152 0.054568471376262785 0.041623296973663376 0.2966822515241828 0.03509650211928831 0.03015878441410493 0.025593079036181663 0.04539282529478539 0.06043229859252985 0.05792617753493464 0.17750488187662583 
0.0460550765566641 0.026454245917215593 0.06885006555108662 0.13777534450181125 0.05660794187157908 0.0854958157730706 0.23647018731648883 0.03986969490987657 0.03213569746379017 0.14036417836586837 0.02912206385013277 0.027430674117269297 0.07336901380514661 
0.10901701106298213 0.04511133609356791 0.05234231224460994 0.3399822687574477 0.0532407416511414 0.052421192414692286 0.028370316458858874 0.024378904055296996 0.10986704335519251 0.055682876099251946 0.05178281167360506 0.0242417432899417 0.053561442843411716 
0.106296937507116 0.05997106867635615 0.09016049628913364 0.22295671727456623 0.04579091160130602 0.06290183648486965 0.04200725406052352 0.02087126482008959 0.17408885660360413 0.07042026046111895 0.015603972923428576 0.01772577175521319 0.07120465154267429 
0.033969866001381264 0.0692354870750988 0.06425055124937683 0.03169570452739638 0.03191927696719062 0.10429616908697854 0.06318934571253347 0.30208854621949055 0.0990475864649496 0.08178473106359795 0.03104520817497359 0.0539937543398213 0.03348377311721123 
0.10628190188966985 0.025758932860307924 0.04144782272473321 0.03538019897711857 0.04210451798291369 0.08107841414406282 0.038200504715554286 0.038791349842916094 0.03129105535570169 0.2966570450188585 0.18916447327922334 0.029675548170328317 0.04416823503861175 
0.03368405229139096 0.06667646564254807 0.12209560599690236 0.03142902502676593 0.08494325455850939 0.032495222697972614 0.302802186706096 0.05988517864436859 0.10451866727531323 0.03451709844741482 0.030784001783239524 0.0289960878214897 0.06717315310798859 
0.2295963108990284 0.030936407597502272 0.034468956434729206 0.07571988500592863 0.03501507921650825 0.05576580803392245 0.25550671065737757 0.04681104248292981 0.03758047151602468 0.048710871975281025 0.053057468230458184 0.04997592643182231 0.04685506151848738 
0.1756751912368291 0.0574950772102549 0.03554113604389812 0.04569777839028015 0.07003319281996963 0.03961269374773607 0.04668271289959547 0.2021702742756134 0.09561542116806625 0.09174949351557232 0.025471239874305673 0.04599092329965952 0.06826486551821942 
