0.4750858906791308 0.043189626425375535 0.11008186976413821 0.04229828329089311 0.04779372954522175 0.048173044859072714 0.03729526053605628 0.04229828329089311 0.03729526053605628 0.11648875107316216 
0.047100277114649515 0.047100277114649515 0.050658677171388146 0.046128226367442855 0.3132665927225612 0.3146662581664392 0.040672199592799066 0.046128226367442855 0.040672199592799066 0.05360706578982871 
0.04850085524360199 0.35911457513873485 0.052165068208434556 0.04749989950686725 0.05367114629319252 0.05409710777170992 0.041881631823259276 0.04749989950686725 0.041881631823259276 0.2536881846840732 
0.04719769439479845 0.04719769439479845 0.050763454273526354 0.04622363315963375 0.5745197239565503 0.05264358220958288 0.0407563217106448 0.04622363315963375 0.0407563217106448 0.05371794103018661 
0.21983803224080237 0.03407778737873048 0.1214913998816539 0.033374493455342054 0.15598474329451875 0.038009839768584 0.029426972724065022 0.033374493455342054 0.029426972724065022 0.30499526507689617 
0.03330829964982261 0.03330829964982261 0.15271739182279975 0.578599760501371 0.03685903298620589 0.037151564994032917 0.028762501930864184 0.03262088633622402 0.028762501930864184 0.03790976019799277 
0.04920804161056675 0.04920804161056675 0.052925682116859565 0.048192491033237986 0.22855060623066506 0.05488589256563215 0.04249230392177972 0.37603862416683875 0.04249230392177972 0.05600601282207362 
0.041990954510285596 0.041990954510285596 0.4967968285674311 0.08103891915509542 0.046467276735488665 0.0903638865045443 0.03626017908084214 0.08103891915509542 0.03626017908084214 0.047791902700089574 
0.046505288677569874 0.046505288677569874 0.05001873768480385 0.04554551724144743 0.05146284822163547 0.0518712835249818 0.040158413051598785 0.04554551724144743 0.040158413051598785 0.5822286926273467 
0.04700285983450057 0.04700285983450057 0.050553900069249924 0.04603281957525196 0.0520134614885721 0.5766889341232954 0.04058807747495333 0.04603281957525196 0.04058807747495333 0.05349619054947082 
0.09038039888811997 0.043052558584443276 0.5093567130327059 0.042164044242175215 0.047642049990174365 0.048020161498032884 0.03717689922428351 0.042164044242175215 0.03717689922428351 0.10286623107360596 
0.20492230160943697 0.04139760462942799 0.11168238178057756 0.04054324505921466 0.1167751906971235 0.3255238332448949 0.035747807471565606 0.04054324505921466 0.035747807471565606 0.04711658297697849 
0.04581104768023542 0.04581104768023542 0.13694154848834433 0.044865603919480086 0.050694599704294435 0.05109693779718565 0.03955891958491792 0.4935216431142811 0.03955891958491792 0.052139732446107805 
0.046505288677569874 0.046505288677569874 0.05001873768480385 0.045545517241447425 0.05146284822163547 0.0518712835249818 0.040158413051598785 0.045545517241447425 0.040158413051598785 0.5822286926273467 
0.0501585842122084 0.0501585842122084 0.0539480376897791 0.04912341643296958 0.05550559258370974 0.3180774468521779 0.04331311986562908 0.04912341643296958 0.2735039311471534 0.057087870571194806 
0.24687377470687388 0.04808099397398886 0.05171348665059516 0.04708870329159884 0.05320652694759398 0.368186401401876 0.04151907171947423 0.04708870329159884 0.04151907171947423 0.054723266296926094 
0.04914309675713413 0.04914309675713413 0.05285583071543409 0.3759750196387115 0.05438185207467236 0.22956767653686963 0.04243622250988256 0.04812888650511072 0.04243622250988256 0.05593209599516835 
0.05150625188656877 0.29999722780267507 0.055397520916460635 0.05044327107840318 0.05699692440748706 0.05744928095040362 0.2746676739528046 0.05044327107840318 0.04447686267128021 0.058621715255513906 
0.03740733223715352 0.03740733223715352 0.04023343563419121 0.0366353235043042 0.4988553328783387 0.041723562879902 0.032302113197343475 0.20055839007110454 0.032302113197343475 0.0425750641631653 
0.04719769439479845 0.04719769439479845 0.05076345427352635 0.04622363315963375 0.5745197239565503 0.05264358220958288 0.0407563217106448 0.04622363315963375 0.0407563217106448 0.05371794103018661 
