0.2855202240945153 0.04321164875353156 0.22605565304311925 0.1152497712824998 0.04218279997368557 0.0484064917730818 0.10698185290788569 0.0521081646733763 0.04218279997368557 0.03810059352461922 
0.04866748482416593 0.04985449664914559 0.04985449664914559 0.055847933404780566 0.5353423330658253 0.055847933404780566 0.051841451225741964 0.06011865772396968 0.04866748482416593 0.04395772822827889 
0.047531744313097 0.048691055150001814 0.048691055150001814 0.054544624621586726 0.047531744313097 0.38020997534769857 0.05063164068134247 0.05871568415147278 0.047531744313097 0.21592073195860487 
0.04855330242281541 0.14827684922977963 0.04973752931117676 0.055716904419624236 0.04855330242281541 0.055716904419624236 0.05171982214604249 0.059977608875242575 0.4378931810161429 0.04385459573673649 
0.03342460663330044 0.034239840941429726 0.1137996467965419 0.12748047865186388 0.03342460663330044 0.03835610597263985 0.39164919511628127 0.1640109453396511 0.03342460663330044 0.030189967281690714 
0.1399326891537948 0.03156491411404983 0.03156491411404983 0.03535960324251483 0.030813368539905784 0.49211388307732845 0.0328229360533779 0.03806357290223656 0.1399326891537948 0.027831429648947154 
0.04809657281741327 0.5419662595523155 0.04926965995930141 0.05519278847899884 0.04809657281741327 0.05519278847899884 0.05123330582724457 0.05941341348033405 0.04809657281741327 0.04344206577056682 
0.14108017701901346 0.040285248338075626 0.07891880721154171 0.0451282836574071 0.039326075758597624 0.0451282836574071 0.04189081982981051 0.4524761570477043 0.08024582098880603 0.035520326491636556 
0.04366709076082915 0.04473214175499573 0.04473214175499573 0.05010977628291869 0.04366709076082915 0.05010977628291869 0.046514944506100615 0.5933587038677374 0.04366709076082915 0.03944124326784568 
0.04717031487840765 0.04832081036324687 0.04832081036324687 0.05412986953259894 0.04717031487840765 0.05412986953259894 0.5527130373796026 0.058269212496856515 0.04717031487840765 0.042605445696626255 
0.04098557517822059 0.04198522335329914 0.08972110686636645 0.5173588997906533 0.04098557517822059 0.04703262725369575 0.09329694808205495 0.0506292399260372 0.04098557517822059 0.03701922919323149 
0.039936156891590795 0.04091020949870277 0.04091020949870277 0.045828376760841893 0.039936156891590795 0.045828376760841893 0.407515681000097 0.26312730829105613 0.039936156891590795 0.03607136751498522 
0.04140043103149223 0.04241019764201643 0.24285146528720214 0.04750869134761403 0.04140043103149223 0.04750869134761403 0.04410045914224172 0.41402526443297105 0.04140043103149223 0.03739393770586394 
0.04540705461552645 0.04651454375249052 0.04651454375249052 0.5731710172779568 0.04540705461552645 0.05210645611617788 0.04836838426436513 0.05609106746623855 0.04540705461552645 0.04101282352370129 
0.20871881409895948 0.04762786138470888 0.04762786138470888 0.05335361521237879 0.04649386468507295 0.40072998932023146 0.049526073251490756 0.05743359755214895 0.04649386468507295 0.041994458425227164 
0.04471106907364754 0.045801582953492605 0.045801582953492605 0.3639465208799416 0.04471106907364754 0.05130778418287422 0.04762700836105933 0.27099812202683815 0.04471106907364754 0.04038419142135906 
0.04588183178912122 0.29334920065365566 0.047000900857148566 0.052651282380958765 0.04588183178912122 0.052651282380958765 0.04887412516667259 0.3263860586740357 0.04588183178912122 0.041441654519206256 
0.044500489771385286 0.04558586757068737 0.04558586757068737 0.051066135803229 0.044500489771385286 0.051066135803229 0.047402695626040846 0.5044853628437761 0.1256129644783285 0.040193990761251214 
0.037513034324871956 0.03842798638157616 0.6427555141487612 0.04304774430723011 0.037513034324871956 0.04304774430723011 0.03995953656345056 0.04633963063660654 0.037513034324871956 0.0338827406805295 
0.045407054615526445 0.046514543752490506 0.046514543752490506 0.05210645611617788 0.045407054615526445 0.5731710172779568 0.04836838426436513 0.056091067466238556 0.045407054615526445 0.041012823523701294 
