0.06365100406108269 0.07484821540705835 0.06578515058627755 0.030024764035595414 0.0645347069471978 0.06314548723598525 0.16216597052313675 0.07047910656107362 0.09644261018304544 0.04719303975231439 0.07804877250139643 0.04888820895129938 0.13479296325453693 
0.06810958670164972 0.04638117954584253 0.08037489355195081 0.29379921725631675 0.04176983894535494 0.060380924424618336 0.10264951372801123 0.03051762790114645 0.05042466630243922 0.09512512609816043 0.04695292069236654 0.022522244062832295 0.060992260789310714 
0.061098443263025326 0.03008484728312063 0.041009929772035165 0.06423817516295882 0.06886678802642113 0.0401000551290523 0.05988813155538748 0.06611137543321353 0.056575054637450085 0.06386395186463781 0.08123267298998958 0.024201135645802018 0.34272943923690613 
0.07194804169337689 0.05255378165674236 0.05248763497739484 0.030155627699773035 0.06913790018079949 0.07971988214382779 0.3660727142105242 0.03618395816194904 0.07818050379221628 0.048823394466776554 0.03360546029773861 0.026704039367755516 0.054427061351125475 
0.07117009740987397 0.1335342958768783 0.06506229795790937 0.024656674195701334 0.13553324573468853 0.06693543971267303 0.06328250160654723 0.09171818982686475 0.12321474444037928 0.04917842554882377 0.04875705750792301 0.0882949545715021 0.03866207561023527 
0.020739023030247508 0.1795205781147819 0.023500657877866576 0.02137501045855202 0.022622778959848 0.02297925604140044 0.49537254365802325 0.02564803133410785 0.025581631082745093 0.09554270214511415 0.023820332061402386 0.018928444350559986 0.0243690108853508 
0.029183009931280448 0.11293365140187833 0.36375962568982273 0.1025894538991915 0.03183374559618913 0.032335363931635594 0.033193605348239376 0.03609074313912504 0.035997307725502484 0.12763839578329553 0.03351888785216357 0.026635245964114675 0.03429096373756167 
0.04256913338983793 0.18685225002103664 0.03281208657100058 0.034445943517848375 0.026716019961426144 0.061092264246345535 0.11206592685763359 0.10336641995295581 0.08080435361009174 0.1653805424634379 0.03756201966170298 0.025773037545092154 0.09056000220159051 
0.24946256685739507 0.06053797504910618 0.09624390267793173 0.0783441189224501 0.023258995693208488 0.09774009798597522 0.060256282107736446 0.05711723203637469 0.03856837991746682 0.13282569586797768 0.050748299558409427 0.023999204021622707 0.03089724930434532 
0.023613445842010528 0.026791563641065497 0.02675784250980687 0.02433758095062027 0.06935341898749961 0.02616417452412785 0.2954448305507819 0.16126160052966038 0.07842421048334303 0.06701513701753443 0.07302469218339168 0.021551921461949602 0.10625958131820838 
0.026738631524236455 0.040525932415001145 0.10674559778776797 0.023856467811939324 0.061328052465169744 0.09852684334645927 0.03858455231318929 0.08393239381229442 0.25027963113622526 0.030077022346481658 0.02039717391299576 0.02112587613722313 0.19788182499101667 
0.08019152750545805 0.05665651775588883 0.04587411153199644 0.0816767618527002 0.044160460977783596 0.07361671665859401 0.0661844838672356 0.08804500499800762 0.10310332418027224 0.034311684083485706 0.20134576428646606 0.06578053007572615 0.0590531122263855 
0.1320522841623378 0.08404208567853973 0.07381760809567627 0.04888718264799875 0.03225955879599859 0.273038448043659 0.09440924528467075 0.03657349860920116 0.025464108755306605 0.04999650661135842 0.06456539186181301 0.018841486844696796 0.06605259460874326 
0.06801201339732854 0.049873711348397916 0.032466530267741336 0.02952991476376774 0.3437909933514189 0.048705798040295456 0.0768906965860993 0.0543624141721385 0.06501272240667604 0.03019999310146383 0.0950889912385583 0.026149945019517985 0.0799162763065963 
0.029644574240651866 0.04813263284407497 0.048072050832076586 0.03055366125535824 0.03233723446986631 0.03284678650101839 0.10639111832234698 0.4190802515560132 0.07919738286976993 0.031246969946165576 0.034049029272079236 0.058599987213933745 0.04984832067664478 
0.03313110918272998 0.03759020289148209 0.11093351261109934 0.034147115042565755 0.036140456502812696 0.03670993757686471 0.03768428841132619 0.4507071030946689 0.08081196232694984 0.03492196462367306 0.03805357760315806 0.030238664353812 0.038930105778857284 
0.07020758757857797 0.049188146463249344 0.09646877591638926 0.02448633008566965 0.025915722200002416 0.026324087637006305 0.049311260784912415 0.05361514750156779 0.129182126767798 0.10251222622358995 0.3001634858661012 0.021683644893404092 0.050941458081731616 
0.01955029967809336 0.07137607730056435 0.06478663525618364 0.04068679975048793 0.06298810079507297 0.04437183905902127 0.022237080187498297 0.34422180363866894 0.08635036462742701 0.12539055536519564 0.04599591643248762 0.03399563076564129 0.03804889714365759 
0.024892307099876162 0.06559994472683438 0.21700103686547145 0.025655660048273334 0.009194996447695556 0.13922133168251444 0.06576413657541753 0.05114422216228122 0.19560218881803665 0.06094351115046864 0.028590692050857798 0.06779621909897589 0.048593753273297145 
0.03472639940416602 0.03940020215120614 0.03935061119017985 0.03579132678377881 0.03788064927870758 0.03847755133597261 0.039498817966397676 0.4724090216852327 0.042835090982529855 0.10724513704517784 0.03988588873726943 0.03169468097211671 0.04080462246726488 
0.0723273146395962 0.3851950162480793 0.029117406911128393 0.04287649138447596 0.08007881033711786 0.02847138799899859 0.02922707222202445 0.05709559774956415 0.07093350342051813 0.027084677068873853 0.053026919685264205 0.04213699018791281 0.0824288121464459 
0.016447179748794862 0.018660794612700333 0.2492723847802345 0.016951552569830938 0.10315825224782034 0.11856865888309931 0.04092185602851978 0.06864673916748062 0.11145516720580367 0.05850821693966305 0.08134941716109481 0.032836556595546976 0.08322322405941102 
0.054084799424947885 0.3479345025039881 0.04088714637990697 0.01863438729756617 0.019722171631330096 0.020032942567009167 0.02056465456641027 0.11754474112795382 0.08254062103490226 0.07860601133022593 0.0856339063594349 0.03518608435889562 0.07862803141742858 
0.10547383607745914 0.08081535402825116 0.11208388909791604 0.034217732266609326 0.028091712100024698 0.08527644321708279 0.04132951112680692 0.15417491513232115 0.07783914588162384 0.06320938508795959 0.11208683205674246 0.022982249796921407 0.08241899413028154 
0.274240882687645 0.04207397784071473 0.052876510954834116 0.08798964392740691 0.02719550772275417 0.07005778246468913 0.04217928592028219 0.10572580875968246 0.07799174795989881 0.03908747100866507 0.09769560882442693 0.02275443947134049 0.06013133245765978 
0.04622540657953922 0.2518799992660574 0.05683723305624631 0.07844106931468448 0.03378376451389489 0.207543892684287 0.03522692430470156 0.07321277975695542 0.03820237124336917 0.03264472957382038 0.08134350305536922 0.028266823792455032 0.03639150285861981 
0.08740009201707141 0.1489414890612358 0.04481661765751302 0.023974654651482546 0.03425832398900225 0.03479814747294082 0.04498541113296644 0.0734010397409235 0.3256678738563965 0.05397573564358323 0.05478068308286757 0.03609723854196927 0.036902693152047646 
0.022468056405027446 0.030586207748658854 0.19875880642556096 0.023157066749979246 0.022060001774992778 0.029869957882582013 0.12078404637291631 0.030562671174257074 0.2846454247654831 0.028415129017912714 0.13155590759609953 0.02665340314369123 0.05048332094283876 
0.022468056405027446 0.030586207748658854 0.19875880642556096 0.023157066749979246 0.022060001774992778 0.029869957882582013 0.12078404637291631 0.030562671174257074 0.2846454247654831 0.028415129017912714 0.13155590759609953 0.02665340314369123 0.05048332094283876 
0.07410313121329438 0.04182579192911884 0.11194464068948659 0.022573623590631486 0.058375168475191225 0.042716499564389304 0.08162281103709937 0.05334718501299841 0.13259648120905582 0.0358036760115066 0.29057503290211195 0.019989865209857825 0.03452609315525821 
0.06313696397873964 0.02989218695694224 0.029854563234285106 0.027154201583835757 0.13018151154186325 0.06995703022404232 0.07181382147116773 0.032582525020297896 0.07787958564070349 0.30547408544001603 0.030260668168722984 0.05762491836726702 0.07418793837211653 
0.12807216615166228 0.09942303634208925 0.027536380189539994 0.046436490632523 0.04914722569552296 0.026925439028868143 0.027640090856621537 0.08270428005323338 0.029974714879214742 0.10297514796225966 0.07681070675967981 0.2250264636866992 0.07732785776208598 
0.026646542088334293 0.0302328822718385 0.08933158635732857 0.3021005987074957 0.0290668866527354 0.10693926924774845 0.13880955743671136 0.09749426326384703 0.06505521455994498 0.028086883388651725 0.030605563237309466 0.024320219342939355 0.03131053344511509 
0.02961009919405294 0.04129550263340256 0.2680984105841471 0.03051812898941995 0.08328598242431695 0.04032846878357696 0.052587137087379776 0.05340538356790883 0.07001012119620666 0.15743816475679748 0.06089758806039204 0.06975753178193998 0.04276748094045883 
0.03388771426999572 0.0384486389487292 0.03840024567023021 0.03492692234736076 0.03696578514168566 0.03754827128222528 0.03854487307104114 0.0419090694952457 0.04180057100221855 0.03571946693323526 0.5511000854900736 0.030929215556188917 0.03981914079176987 
0.07755727927235787 0.08616036519738025 0.2208804848709253 0.0514198684764352 0.03595577500720727 0.07291428190071969 0.03622149178557208 0.05268305680275024 0.046896106950137316 0.06989562078922683 0.0453833914730683 0.05714806984975248 0.14688420762446724 
0.03081587158952065 0.06936098674789132 0.09530867272301438 0.03176087786559245 0.3697641472545837 0.08833097020428277 0.03505086974966773 0.06082233603710067 0.03801144621646889 0.032481580123428194 0.03539435261503526 0.028125553920525386 0.0847723349528886 
0.0769105121949806 0.03433300080855081 0.25114569498992717 0.031188257529510346 0.17017781031412987 0.15677452585349438 0.03441893379056226 0.0374230182447964 0.037326133700878096 0.03189596616762174 0.034756223965833596 0.027618475236912743 0.07603144720280187 
0.027914015998310098 0.15732944295646775 0.0916147520001205 0.028770033334446134 0.0885700426718852 0.0588869187338397 0.04005264827599149 0.08790346566924885 0.06144310016539393 0.037116719597077574 0.04044514633648616 0.032139086042420266 0.24781462821831213 
0.05282301718563134 0.059427872169515505 0.0598569977546996 0.05444289941471114 0.03391523492044357 0.03444965219897788 0.0353640108054642 0.06477646264742802 0.07091926267240634 0.032771767395996076 0.39281618544618885 0.07190351604113825 0.03653312134739931 
0.28084388637844465 0.03861427946770049 0.03856567770619704 0.03507739096476491 0.037125037380580636 0.03771003292871569 0.038710928176078366 0.09384857767995519 0.15734626455071238 0.035873349910681834 0.1352314276292021 0.031062461659462776 0.03999068556750392 
0.03704358991620068 0.15411927040497095 0.09794193019500577 0.03200934935089792 0.0248987407745739 0.06260299659935863 0.15110033040229862 0.1430029113261188 0.1047688815292678 0.05955389131352059 0.025357088488754224 0.050884127958219366 0.05671689174081284 
0.03281424210844813 0.03723068889072252 0.037183828581867355 0.15067175589671153 0.03579480792666342 0.03635884246402394 0.3581579210567972 0.04058150225181724 0.07232602504696668 0.034587969746005455 0.03768963187062716 0.0636742189037478 0.06292856525560159 
0.04690949698217842 0.027874574343962417 0.0427369934452143 0.048348033903866654 0.08676204969480422 0.14201799699301035 0.28972463217837696 0.04664208775366953 0.046521335938039574 0.03975345984246336 0.053879095139589474 0.04281415772791726 0.0860160860569076 
0.07690333855908214 0.059027919825568445 0.03076336343921342 0.027980800310817452 0.08723274100090625 0.03008082619806717 0.08747209681603292 0.03357436687653793 0.17953955530232216 0.21619065400125834 0.09185046898773476 0.04748379412215282 0.03190007456030635 
0.05562244396262719 0.06280044048293443 0.08361962464409642 0.0219443258645946 0.023225328213066464 0.02359129992830914 0.06981776127612531 0.33210006569824646 0.02626298825519399 0.022442275740672493 0.06357458198160931 0.0818523626692217 0.13314650128330247 
0.031868723883709316 0.03615791400384814 0.036112403940288695 0.03284601715912476 0.2155116768963302 0.03531118918998134 0.03624841460969353 0.03941217614519679 0.1462023527963658 0.0689238010710836 0.0751045149099417 0.02908648906346069 0.21721432633097545 
0.03670867527253161 0.058630215282551586 0.04159684945000856 0.03166416414131946 0.10769927025031709 0.043990611861823875 0.13272805503426854 0.156138464639148 0.1476312149687429 0.041848030604675054 0.024972413761657 0.02803990996954878 0.14835212476340773 
0.042197481976736596 0.06319583456449647 0.04016668237233292 0.029575648545179807 0.06752928501703306 0.03179537160124498 0.032639280605089485 0.043836914414341274 0.3976850435963458 0.072713753496166 0.0787928893392387 0.0502884326449018 0.04958338182689293 
0.21792683281803577 0.037176485424068394 0.029055674440693426 0.02642757272063593 0.043515104785173384 0.06683972955252596 0.08455938763628726 0.14276233662070378 0.2260325213212064 0.03453761376494198 0.03763476023743492 0.02340269449378416 0.03012928618450853 
0.038247383681200425 0.04339507333470497 0.04334045423954869 0.03942028633680312 0.04172144973031396 0.04237887297015536 0.043503688019365105 0.04730068979972421 0.04717823292763842 0.04031479213376799 0.0439300047276713 0.03490827280090437 0.49436079929820204 
0.08526113828539325 0.028430147428473187 0.34738803646536337 0.025826078079965963 0.06987012221667374 0.07097583860130476 0.07122591184020344 0.06760546050367323 0.04249200904438573 0.03631031528031312 0.05200201922225355 0.05110085655438758 0.051512066477609045 
0.10699277382586128 0.09599414095524544 0.09496119192031965 0.012983546972467428 0.053090018430712 0.09188794671789328 0.039714295828609705 0.13123978076277318 0.13837564980498251 0.046750582367150295 0.10709237138430511 0.0036800886146625407 0.0772376124150174 
0.03372489716180638 0.03826390839542095 0.12182220246237814 0.034759112254025955 0.43552741242187426 0.037367866640620584 0.07053527674892844 0.04170771293729798 0.04159973573675864 0.03554784897559439 0.03873558787987359 0.03078061286804945 0.03962782551737143 
0.036176529685749186 0.041045504492372785 0.040993842675873124 0.037285927078589964 0.0712568000973608 0.04008432495232315 0.45263062216469274 0.044739656520276526 0.08057653639559079 0.03813200104243813 0.04155147273267878 0.03301821054706223 0.0425085716149917 
0.03950204835490685 0.309279774204368 0.044762191666871835 0.20760993743361117 0.0430900774395649 0.043769066748384454 0.04493078015692932 0.04885233853544753 0.04872586459613593 0.04163727593918756 0.045371081730662656 0.036053401499600936 0.04641616169432888 
0.025747031884999598 0.029212307595034896 0.029175539600752184 0.026536596011098153 0.028085672616158578 0.08376848210409164 0.08632240959192831 0.11092001091031553 0.4108453805491564 0.02713875142825658 0.029572407928845718 0.023499239068133296 0.08917617071122902 
0.08413795364803713 0.08235331317854563 0.06529008833110042 0.039547545233935236 0.027391545675953356 0.05246565953258066 0.06407226456762695 0.33485807242083 0.08953283156207839 0.03593338607849803 0.03375766117741008 0.0350209657493897 0.055638712844014615 
0.02012068003585749 0.05116821972102599 0.05078868594635779 0.020737705222293686 0.09429342464838672 0.04996999237542828 0.3278125191149319 0.02488332412141944 0.1654298213581325 0.04724305161541749 0.06020560173148672 0.06370453588546784 0.023642438223794193 
0.04649599935883356 0.07537431047932776 0.04744879494761736 0.029274265728674656 0.04917155455620731 0.0364462672537615 0.364200677698492 0.037902742955123976 0.09348748291078987 0.0705967035080746 0.04948485296381307 0.06410374520496985 0.0360126024343146 
0.24028722776380548 0.06113118744033072 0.08903702905109018 0.026752918053915612 0.030241799207879165 0.059699653162624274 0.05259978704216144 0.08628040475063929 0.1099447067388939 0.04874413130080525 0.047703038162650264 0.08219197477537143 0.06538614254983309 
0.05161679385661167 0.42635296146384183 0.0414431879348894 0.027020506184081302 0.0398950567645792 0.029048459703739003 0.08227007552440828 0.032422102932609206 0.03233816527063468 0.027633642253466487 0.08608316632673108 0.05656286485505697 0.06731301692935109 
0.021536266816196446 0.024434818486786646 0.02440406366663084 0.09556833533675803 0.3595394388680081 0.05030005558639038 0.07877425041644943 0.11467314432517663 0.055754926130608014 0.022700379384618732 0.07954620287992516 0.01965608637179478 0.05311203173065691 
0.027467865161545823 0.04237196629056588 0.07577953799033323 0.018237235551718512 0.024575317064666608 0.2218933940092108 0.08207019796360732 0.11991659951940178 0.07030552455377587 0.08759529118890226 0.05399955877086987 0.07036255871732945 0.10542495321807244 
0.038638359880911355 0.043838670758256836 0.04378349333036767 0.0398232522983953 0.04214793887262898 0.04281208248953086 0.043948395734721375 0.047784211603352604 0.047660502940480916 0.040726902001255325 0.4881697741797249 0.03526511561012581 0.045401300300248186 
0.038869859845364875 0.044101328147274 0.48450402138986687 0.04006185149152659 0.042400466318951134 0.043068589121930755 0.04421171053591208 0.04807050851972563 0.047946058662063425 0.040970915370214356 0.04464496554858746 0.035476404935950084 0.04567332011263272 
0.26743753535309955 0.37792647157805476 0.02529111377515029 0.023003518636021385 0.02434635147480105 0.024729987646802325 0.025386368062852653 0.027602090203205334 0.10851973771417159 0.02352550319480172 0.02563514312908582 0.020370554822104935 0.026225624409848793 
0.055972758138412106 0.06937850554556763 0.3269799892724535 0.13182253766671861 0.061056845989876804 0.06775384041172787 0.0778222745742165 0.03244161795605274 0.03235762977158606 0.027650275078842664 0.030129802254829106 0.05581010958142205 0.030823813758294478 
0.25128300746671656 0.15222131983883236 0.038602819571434 0.21392886325759886 0.03716079179272429 0.03774635073886259 0.0387482099292597 0.04213015359393557 0.04202108273574192 0.03590789884660697 0.03912792507668458 0.031092377321095207 0.040029199830507345 
0.0454755448670147 0.042587071681991294 0.04253346957599447 0.030502479860381293 0.040944610385541036 0.09360141505875412 0.09838525831514672 0.03660014860549684 0.046299790117238615 0.03956414427976743 0.043112042832552405 0.04853927560566164 0.3918547488144595 
0.05837334496811032 0.031119556252692658 0.05445773876014075 0.028269149557452553 0.340365044916641 0.05324950173346274 0.04293014497411701 0.15426406025328693 0.0847273537318676 0.03978329078982096 0.055198515178649016 0.02503348596125768 0.0322288129225008 
0.08076139929394391 0.03389073403872311 0.06268188406708665 0.05701227320778961 0.077775982792945 0.0612911804691028 0.0339755600594588 0.03694094685556301 0.03684531034744921 0.03148509250102472 0.4249781641737675 0.02726270284466809 0.035098769348477714 
0.08952937872174782 0.05178409683892249 0.037566998203072036 0.03416904257149956 0.03616366405357236 0.40406861901133717 0.1111908187334593 0.04099968401089861 0.040893539828187137 0.03494438972133523 0.03807801366233577 0.04165664994408162 0.038955104699550824 
0.049999334457870685 0.1332209435511383 0.24973867297256008 0.03086630663057367 0.048934976804966154 0.07248288606975987 0.062141745727295986 0.07454541549172439 0.06739055670745485 0.03156670971684366 0.07987865055291632 0.04048299498011336 0.058750806336782625 
0.05506574115579219 0.07759583576902493 0.04929816580754977 0.05204586238428419 0.07558416582247883 0.16937640591874445 0.07130230308882055 0.06872447872359186 0.07679504902644377 0.039236529057997384 0.04259221768934369 0.13916598931025906 0.08321725624566934 
0.04137704506709949 0.029104782868893182 0.055163256096960996 0.02643892005004838 0.04472485713781809 0.06203213100629364 0.062407878990602406 0.34896678825882743 0.0406513840984361 0.08369599499955532 0.08278234071517405 0.02341274301720957 0.09924187769308124 
0.02516815018675641 0.10305021275528711 0.0756653327736935 0.025939962199748128 0.08296799359990356 0.02788681831281971 0.028626986956165362 0.031125550305334558 0.34149466220808017 0.07038302242158508 0.13514703681265838 0.022970895471871665 0.029573375996096336 
0.026492357904887884 0.030057946542809865 0.3820997064264053 0.027304778362162014 0.02889869769339409 0.08008150640207311 0.030133179377654907 0.03276320319756427 0.1456229123803798 0.027924364996341083 0.13331248868537535 0.024179495899417185 0.031129362131535155 
0.02647295240523261 0.04743158806702192 0.26966821918301126 0.02728477776919869 0.05406479491035427 0.04624171190725046 0.030111106997230155 0.051700496426451255 0.2199614077689855 0.06816174142317748 0.07453684898976712 0.05325779409934121 0.031106560052977968 
0.043233854139990376 0.05792594370952829 0.048990929486101925 0.028352670437166 0.21927019194211678 0.0479039828679694 0.06574664206085913 0.07244895463145866 0.03393250060582039 0.0538142282141129 0.25291371658382295 0.02510744710980688 0.0503589382112461 
0.03164713619916187 0.07412168556507986 0.07377574781527217 0.032617634218048884 0.03452169207303776 0.03506566556375216 0.07430720670574102 0.15781052773554535 0.3110397838866248 0.03335777757068823 0.03634912271214478 0.028884246645888345 0.07650177330901485 
0.03391517948196562 0.06123620521436856 0.26216486701728 0.034955229813544035 0.05887450028764507 0.03757870329134967 0.08420283708327592 0.06674754816097127 0.04183444940233406 0.035748416738552814 0.038954141475430935 0.2039365087449493 0.03985141328833284 
0.0853724416762849 0.07429541982541155 0.24256535859426004 0.029375102131815403 0.020241433055231108 0.0914926778975245 0.032417960330399787 0.14801544381896597 0.04742346853037388 0.07374144107445074 0.06378854605642413 0.02601285211402651 0.06525785489483155 
0.060494030928348444 0.3045390882167209 0.044267322773755155 0.05537711789923887 0.06598879262953897 0.0670286070684944 0.04443404743194114 0.07481320593134291 0.0948902530510671 0.02572020088206131 0.08632478871303205 0.02227092690707471 0.053851617567384026 
0.06128929604671598 0.051484388093141834 0.05141958740319637 0.03856858267913702 0.0916230008360418 0.041463246918937394 0.19286337957887936 0.0856360431227599 0.05597276987783416 0.03105761517371336 0.2204971468783598 0.03415405444304381 0.043970888948239195 
0.05486449697431433 0.08008244505842702 0.03281263036652481 0.06631495886193826 0.03158689802348952 0.03208462667312592 0.03293621305098038 0.23544785784546332 0.024413045048442522 0.09202339438155181 0.2761138352218767 0.01806378034037271 0.023255818153492654 
0.056396946040232876 0.036852959309696204 0.0368065744291868 0.033477399545836145 0.08752244001018529 0.043874631346446154 0.03694519956294665 0.10295146810345314 0.04006578085432445 0.07127184035268566 0.37237415553137493 0.02010628595762329 0.061354318956008444 
0.13187344823292113 0.08466938435212898 0.09833595837498611 0.03260437163408612 0.0504692541067102 0.01883829483344302 0.03598173791833875 0.1273611889595374 0.03902094029124566 0.2424435897974298 0.08571310448514377 0.01551745690860654 0.03717127010542247 
0.03154452484524795 0.0357900812347799 0.09339221020687048 0.032511876161853234 0.1421841969723707 0.27499898543269036 0.035879661182192206 0.039011237919475306 0.10166205048091315 0.033249619704568974 0.11391914350860027 0.028790593569778526 0.037065818780658934 
0.03069030116401309 0.046658394875972155 0.08174835371404675 0.05449163295503139 0.05186625263256638 0.055358741133887814 0.054081852089173856 0.15474591586760736 0.1806554572315441 0.04334647567505653 0.17251677367223897 0.010421858594056182 0.06341799039480521 
0.034159516429255896 0.03875702277785434 0.07566944941573096 0.035207059651242906 0.09392789588792338 0.03784943355978945 0.051220833960772545 0.04224520829441748 0.04213583957082695 0.03600596097537465 0.4315825897567868 0.04110067275667653 0.0401385169633481 
0.02400799383100235 0.02723921357861602 0.13229354456137316 0.04468691617148066 0.12177311936284563 0.26550888737089406 0.055132703028305315 0.053620157445687974 0.0773487663328002 0.02530571212172561 0.0778971293643509 0.04423963864182328 0.05094621818909462 
0.30620159899700594 0.029950850071909656 0.04083204055829718 0.027207491430164345 0.06090275151611622 0.047043868721176094 0.03367915218922255 0.1683232647309085 0.036523866346256345 0.027824870477013954 0.06745537060754228 0.11548819769637413 0.03856667665801283 
0.0789662069930253 0.04240343210786455 0.09352616391517173 0.03086082267395057 0.07611461701965401 0.03773732425604188 0.06219485874612151 0.05597398559893032 0.06899986182020736 0.058192125399926194 0.058077102617148574 0.29935193412233546 0.03760156472962269 
0.025272820737434296 0.0706551287890788 0.047474984541751114 0.0369775166150987 0.03913608306716837 0.10637035299872062 0.07177746731698104 0.04436959255016856 0.031174080648951292 0.09095086586277315 0.35273436364613 0.05341037600749008 0.029696367218253947 
0.028974612468716535 0.0699330398473574 0.04707832158572061 0.05014089038921312 0.05715518896916754 0.044491571236190054 0.02599443921717753 0.14439436014351045 0.05229653864293812 0.29151672664352374 0.12489609653078215 0.020858483885224474 0.04226973044047822 
0.0510604226764961 0.05233964109095474 0.07251113771467639 0.032940015270281835 0.041661115332447145 0.030852781193238556 0.03822624350342633 0.15333181908394142 0.136537718064146 0.26758564247449446 0.03198204031134264 0.04681725151344155 0.044154171771112846 
0.06506715284686178 0.04509910687273755 0.05011220623445834 0.04582803153111363 0.06721234549539724 0.08071198916788601 0.08909192216706915 0.09114037025739992 0.08341634519107183 0.07647766442470535 0.21434178353394848 0.028664488782957957 0.06283659349439287 
0.07505369553037375 0.05403029258962018 0.048874416183874045 0.05661639174265476 0.051010272570511196 0.06841155048090779 0.07017340193857755 0.29730737369994065 0.04358653168095865 0.042070129402116685 0.08420617393579641 0.03772636816613603 0.07093340207853242 
0.04557626366550953 0.079323366306746 0.07199333430596025 0.04588933141118907 0.054173996652534494 0.18496410569299399 0.17160141110614047 0.07129649674748165 0.06095615585133198 0.03909916379050289 0.056755861057425264 0.04764524924695585 0.07072526416522847 
0.35461688513499245 0.07184857418019432 0.0627101028334083 0.03322651311835221 0.03516611434368822 0.09670238123497213 0.06364413596040558 0.06844024072837544 0.03976551975999623 0.03398047285226585 0.07259507105872992 0.029423433768297938 0.037880555026321455 
0.21900367699182052 0.10008411577591626 0.021161766833399757 0.06535386425439249 0.05880115947960805 0.07477337918158564 0.056765853126945605 0.10519451117891432 0.039785200810493165 0.05260481750627943 0.05723405037629298 0.04919883967100573 0.10003876481334617 
0.036208343943991694 0.27594195244047903 0.0893376623106676 0.033400519411561205 0.06480897771715448 0.08652989853062742 0.03165834461130727 0.06130513967362255 0.06206915732620078 0.06198535474722634 0.05494483878480548 0.07449609271113074 0.0673137177912254 
0.03484596665931804 0.09011211795167272 0.039486100174044955 0.08185826682841035 0.3021856250181371 0.038610034267608215 0.03963481724438286 0.04309414399328145 0.04298257745797348 0.036729516305741866 0.040023220747424273 0.1694924955615955 0.040945117790409144 
0.022283308046720404 0.033287560369472106 0.13112089176597358 0.06772871937975548 0.06870333910027708 0.09094944415945248 0.043964610122515346 0.10866771052352603 0.22206543221094413 0.021107539100587595 0.07341158252889687 0.04945299059150578 0.06725687210037322 
0.022105372380206708 0.07400695423227319 0.09569117029068544 0.022783260577316902 0.04097007406895943 0.18055534442422122 0.042720215427492034 0.05755342437263942 0.1256649386315285 0.1078416453633414 0.07491923850959929 0.07411939002413877 0.08106897169759772 
0.040797313669147024 0.04628819668524922 0.046229936167981184 0.04204841303695865 0.0445029936051758 0.045204246855666236 0.04640405264538731 0.2044897746757044 0.05032357724512818 0.04300255499557801 0.04685879163135654 0.29591200920089694 0.047938139585770534 
0.06124459007079511 0.05664875576711826 0.04375491185588989 0.17978698695865516 0.05542175742551697 0.04181126114606975 0.05679054344648401 0.04666715641537402 0.06158736440029511 0.05262769798251546 0.057347065402375365 0.0241128905419479 0.262199018586963 
0.07327694141258656 0.0711928366686677 0.07012880416065673 0.039295407481021984 0.06802764400997025 0.2038985438857716 0.07612418486801092 0.09827234357848999 0.0853232245410549 0.05667404809039235 0.06104158247472403 0.02893465828475594 0.06780978054389698 
0.03445782558472213 0.05183118922698253 0.06856305486980706 0.030886846257702348 0.032689869182040296 0.06952936169733201 0.18328879899802905 0.04539051627206499 0.3169051249130981 0.038686734508539516 0.02668471021674007 0.02735156325125023 0.07373440502169172 
0.07887867700639 0.05588776722116559 0.043097745930167304 0.07666991725054095 0.058867764193324484 0.06725785188998534 0.07670355262876624 0.049812191881904 0.06076003327449407 0.27533552545658563 0.030791293678142134 0.030614793852725843 0.09532288573580835 
0.02813056845086323 0.03191664274469491 0.1675351654787328 0.028993226631999117 0.030685709309960573 0.031169237532536406 0.03199652775976072 0.034789184621750006 0.03469911881617227 0.10230958122226226 0.032310079438085025 0.025674685769681037 0.4197902722235016 
0.017078992153193945 0.08320481918836069 0.01935325260527418 0.017602740271979517 0.01863030210126894 0.018923867968366346 0.01942614304054835 0.18932881500371643 0.021066974846929015 0.19802390319669683 0.2803955912572475 0.015587945105412426 0.10137665326100588 
0.03129858406474015 0.035511039449985175 0.3901297793072364 0.032258393307435664 0.034141480436187505 0.03467946276485601 0.10595284362686191 0.038707081989101944 0.06740645930451908 0.03299038494158406 0.03594878429839565 0.028566124154291328 0.13240958235480496 
0.03308256768003236 0.050874829318192295 0.06114258737931975 0.05241154525165338 0.1403369891360306 0.07732697630248822 0.06287406213237413 0.10171078991027052 0.2224680245697659 0.027142422426635955 0.059923379622866 0.023502417757792757 0.08720340851257813 
0.0588225009331746 0.07560883931539861 0.025126039947434255 0.06923346969258834 0.02418744406310714 0.024568576261106888 0.08374466766562769 0.09105390204778917 0.2454396187926321 0.14886615211628726 0.09237668359478735 0.020237597235219684 0.04073450833484682 
0.09284250499219968 0.13860620533757803 0.025945291387698816 0.07834087336016393 0.08006057986014102 0.04402047736241378 0.026043009514007426 0.31147647650412696 0.028242735844409828 0.04187644149349462 0.06496516934450815 0.02089745771132869 0.046682777287929265 
0.01793037029879968 0.06060935610829297 0.2234980148973657 0.018480226966505264 0.019559012174602323 0.0880519431984986 0.07965042656151401 0.022174559456587986 0.08637811064276078 0.05630716588542354 0.07923951668930104 0.01636499539495004 0.2317563017253981 
0.030649059076512247 0.03477409533030863 0.03473032700649061 0.09073265642013997 0.03343295813905969 0.03395977597015947 0.10013131676278235 0.4169419307021812 0.06615087620392267 0.03230575079498838 0.035202755863054144 0.027973304638346016 0.06301519309205449 
0.024347720189592262 0.02762466347938892 0.02758989376920538 0.05351533497108962 0.08604098746027755 0.02697776531927301 0.4271209784048281 0.06421344171294333 0.0640471993758585 0.02566380191011671 0.08962488721244921 0.022222091464942202 0.061011234730035335 
0.06914757067882099 0.07845409572417462 0.07835534968250511 0.029819441554855552 0.03156015461651857 0.07661690374479023 0.03290832723107337 0.4433207320554313 0.035687933553482286 0.030496089692445837 0.03323081413689084 0.02640633281234404 0.03399625451666716 
0.041363242177077666 0.06391123721721918 0.04687122444027888 0.09767974280651948 0.038589911134034885 0.04914796592355549 0.060666513126041516 0.054855934750191904 0.06948298515066947 0.10936160239203263 0.030318534893139137 0.21583761128335768 0.12191349470588198 
0.030836503211432626 0.034986767445317334 0.03494273144229994 0.06336693275227027 0.03363742810012964 0.0341674678543679 0.28343460156991657 0.03813562478076396 0.2404204981210428 0.10627513992452994 0.03541804958881228 0.028144384340196216 0.036233870868920506 
0.02892664593918619 0.032819863766917735 0.06201308500615597 0.0564039673894437 0.3752375118253722 0.06063721984633027 0.03290200947793285 0.06767953287216533 0.09932755215585176 0.03049023504158269 0.06285663510679168 0.026401263314557555 0.064304478257712 
0.05855156605688822 0.09458734205334368 0.04186829887891207 0.04444326903021344 0.04328930886642777 0.04659660779016742 0.16541966514495232 0.04437447855593527 0.21912024960197754 0.06347621504940482 0.0780300528593825 0.025706951222851538 0.07453599488954332 
0.0527978141326765 0.056176781758031806 0.03784693616787723 0.051772540300557446 0.03363439546740626 0.20593815334194807 0.0548582355944681 0.10076053351345751 0.06107424394616595 0.04678044931511768 0.07581922315978652 0.02814184694106227 0.1943988463614446 
0.030033805973222014 0.03407603572552035 0.03403314601259174 0.27159205051264435 0.03276182069252736 0.033278063115597695 0.11021063985516937 0.037142925949801626 0.1195195964966634 0.03165724105179795 0.03449609127230622 0.11734445345422957 0.11385412988792841 
0.09778648132217278 0.126120818051406 0.03911802775224397 0.06367623455561167 0.0180191393215383 0.04337918142940583 0.04453054654778824 0.2247164222521015 0.09270389480687545 0.06024190385197007 0.08632121816401901 0.015076586147885719 0.08830954579698151 
0.1566479377729318 0.05447174986400995 0.036518457326066484 0.02865974568915765 0.02551123081403053 0.09092253802082174 0.07476190129168075 0.07577316531778074 0.07536900678104873 0.07571206690296697 0.05069435581329864 0.025379374781142015 0.2295784696250639 
0.03221030113937133 0.04775268353800565 0.07007880712371126 0.17425420583097254 0.029748515469485433 0.10856592951324988 0.1967799425899031 0.04594254850662608 0.0640999964068685 0.0443630892340187 0.036995960119170376 0.04292137104053543 0.10628664948808168 
0.045802882743570604 0.041439771200949896 0.054746099458976794 0.05496788605457397 0.052701031324775834 0.0442194655509754 0.048247891196610215 0.40750780101575346 0.0741352177213878 0.04471123697876276 0.06514363094660715 0.033335370278840294 0.033041715528215866 
0.05121497040223933 0.04403744804711464 0.0389226713125604 0.04000382251159877 0.03259834073057889 0.3246552872055262 0.07348861143894327 0.03695758447632505 0.0928507004192454 0.0882349908875696 0.07316789621842477 0.04368845916086644 0.0601792171890073 
0.045816953210652454 0.051983426137623 0.030290935076991387 0.3619429052412006 0.029159401932287176 0.02961887945797424 0.030405020263996173 0.056662006202813066 0.05651531379568155 0.048293524082221734 0.09418178881041085 0.024397626735005565 0.1407322190531423 
0.04869590595565076 0.14005296043808388 0.2117053937952249 0.03253363662659083 0.0437759088730918 0.08242707063798806 0.04564590863187179 0.08140748830684964 0.04950139649469598 0.13011168213108332 0.05593092057435165 0.020992491094375815 0.05721923644014152 
0.03158860112608856 0.08546149673845811 0.035794979677774084 0.1846811323178207 0.034457840173283155 0.0350008075215198 0.07506249205756357 0.28973692471981344 0.0389646098202891 0.03329607846668795 0.03628189076607813 0.02883082185959981 0.09084232475502367 
0.02883673680428808 0.07108625145981372 0.041009551798597534 0.05245854490956907 0.10824224295265712 0.03195168631896268 0.04116400666682904 0.4013818590778005 0.04464093007236638 0.03814661348774705 0.05001362403583269 0.057183870602386985 0.03388408181314921 
0.09098385806904871 0.0521483295015468 0.028031954477877385 0.046772191609656795 0.026984806691850428 0.11799607751867465 0.3586768466461382 0.05612229469059343 0.030514172058848897 0.026075001697781968 0.028413266873777078 0.07345315764780737 0.06382804251639819 
0.02975798288802643 0.06778260161846347 0.03372059397238498 0.08721940064605224 0.03246094419129091 0.03297244557095279 0.05089992641520489 0.14776381772369454 0.1106771679670346 0.03136650873823528 0.05139872295568896 0.027160022063691315 0.2968198652492796 
0.029980175921285494 0.04333210585809126 0.04963501649449542 0.057285176067402355 0.06465975096912521 0.04231738002896173 0.061040462748573235 0.07542553305105575 0.32652039827688656 0.047105752176827984 0.03450590717449342 0.0659210676646786 0.10227127356812303 
0.05731195556538004 0.0470075407453037 0.04694837482752248 0.026334240486649566 0.39827271506901835 0.04590674573860981 0.047125197170845824 0.0835721393968435 0.051105633340726986 0.043670838374893425 0.04758700305100964 0.03781424779214157 0.06734336844105523 
0.05868442739560506 0.024840386468807076 0.07063035031204452 0.06424179631298901 0.06799191798247099 0.06502352983550784 0.11274318298570864 0.07708420110436438 0.07238737185194163 0.06185653146010858 0.025146594098255953 0.1828993129918729 0.11647039720032326 
0.06979466994799709 0.34919400444233206 0.03900405307580642 0.03547611504129373 0.037547037017342084 0.03813868219942335 0.07938649012284348 0.09665545193663938 0.042457845295336465 0.03628112163833114 0.03953461647051627 0.09608465383611986 0.04044525897601867 
0.05561080246801228 0.05842598188970179 0.04797767983326128 0.03464463260395871 0.07244340609070313 0.10280272870143953 0.04864718094978636 0.05183017731656329 0.11164947455005174 0.02578028511937275 0.04863030946211458 0.29180687836046504 0.04975046265456968 
0.029234678461417165 0.033169354179205926 0.0807212729987326 0.02173705786679885 0.061939997183661895 0.1001773198560645 0.04251602997215196 0.07022298150995088 0.08758826041716489 0.02223030451916169 0.05228710308981701 0.03411575524398419 0.3640598847018885 
0.039475556893152776 0.044788545553475036 0.1347029854927503 0.028094916494608005 0.043061179719421014 0.04373971367414995 0.058796130996466314 0.048819576440523205 0.0637623541746728 0.02873243255562678 0.3724623244481326 0.04717925017181816 0.04638503338520301 
0.024489283083242372 0.13430486495558175 0.05410545415649611 0.049211586095597455 0.026713680642975076 0.08133151176585429 0.027854823743014626 0.030285992688891938 0.03020758520797785 0.33550039413581445 0.1102248457134827 0.0669942922274461 0.0287756855836255 
0.029591588368439864 0.20674168293543477 0.0642797134094411 0.05229535059076018 0.02574902071618536 0.06617021812582403 0.04727709127613167 0.04029788419506848 0.05496262396841134 0.15084507852115386 0.17719177774020828 0.04630966779500155 0.03828830235793958 
0.027597079835000156 0.08662663518175286 0.3702023019550493 0.028443377937248163 0.030103763139368876 0.05256088925320244 0.03138972227210072 0.13364920146462975 0.09823831162433994 0.02908880111435933 0.05448469842531836 0.025187772304071137 0.03242744549355891 
0.035392672898103286 0.03367754249075721 0.07969727927965507 0.030592836146765518 0.03549306878631785 0.08425595461592467 0.25431467439160665 0.05083194772305311 0.07690818789817568 0.17731443441399852 0.040651154094569486 0.024485414543924933 0.07638483271714801 
0.0590745394714504 0.3427069570062527 0.109408697851254 0.029709408133060663 0.03144369798206272 0.07494410665525535 0.03278689585402629 0.03564853604128514 0.0712215938163133 0.03038355944622876 0.12249230531782591 0.026308893725463352 0.03387080869952141 
0.04575023478821195 0.06120622969318981 0.035942103313993834 0.04220164231532433 0.0499057958258372 0.03514466697107247 0.0550898011557828 0.05063805917443153 0.07705122396284154 0.0334329311812299 0.04702955048545287 0.04579323253833372 0.42081452859429813 
0.035051194619117446 0.097221853026136 0.10671038176898295 0.22847692909117404 0.10991844379676927 0.06316005863568463 0.05008231718869456 0.07049537026062067 0.05708172697655817 0.0600838214090168 0.05000057218565323 0.0278931293959291 0.04382420164566301 
